2016 01 01 01 27
2016 01 01 02 22
2016 01 01 04 45
2016 01 01 09 51
2016 01 01 21 28
2016 01 02 01 06
2016 01 02 05 14
2016 01 02 20 18
2016 01 04 05 28
2016 01 04 07 46
2016 01 04 18 41
2016 01 04 19 26
2016 01 05 06 54
2016 01 05 07 38
2016 01 05 12 19
2016 01 05 15 08
2016 01 05 17 05
2016 01 06 15 56
2016 01 06 16 27
2016 01 07 07 28
2016 01 07 12 18
2016 01 07 20 23
2016 01 08 02 26
2016 01 08 02 57
2016 01 08 21 13
2016 01 09 17 56
2016 01 09 18 02
2016 01 10 03 10
2016 01 10 03 40
2016 01 10 07 52
2016 01 10 13 42
2016 01 10 19 29
2016 01 11 00 34
2016 01 11 00 53
2016 01 11 06 37
2016 01 11 09 40
2016 01 11 18 23
2016 01 11 19 27
2016 01 11 21 51
2016 01 12 07 58
2016 01 12 11 30
2016 01 12 19 58
2016 01 12 20 52
2016 01 13 00 56
2016 01 13 15 48
2016 01 13 16 24
2016 01 14 03 52
2016 01 14 10 21
2016 01 14 16 52
2016 01 14 21 42
2016 01 15 06 31
2016 01 16 12 19
2016 01 17 04 38
2016 01 18 01 01
2016 01 18 05 31
2016 01 18 10 44
2016 01 18 12 00
2016 01 18 14 30
2016 01 18 20 49
2016 01 19 03 38
2016 01 19 08 43
2016 01 19 15 33
2016 01 19 21 30
2016 01 19 23 59
2016 01 20 00 31
2016 01 20 06 07
2016 01 20 06 08
2016 01 20 06 34
2016 01 20 07 05
2016 01 20 08 06
2016 01 20 18 53
2016 01 20 23 18
2016 01 21 01 28
2016 01 21 08 55
2016 01 21 18 48
2016 01 21 19 02
2016 01 22 06 18
2016 01 22 07 16
2016 01 22 11 52
2016 01 22 22 45
2016 01 23 19 19
2016 01 24 04 08
2016 01 24 06 07
2016 01 24 07 13
2016 01 24 18 39
2016 01 24 21 44
2016 01 25 09 13
2016 01 25 14 23
2016 01 25 15 23
2016 01 25 15 58
2016 01 25 17 56
2016 01 25 19 58
2016 01 26 01 15
2016 01 26 15 10
2016 01 26 17 51
2016 01 27 00 30
2016 01 27 16 03
2016 01 28 00 00
2016 01 28 12 39
2016 01 28 15 37
2016 01 28 15 56
2016 01 28 19 07
2016 02 01 01 33
2016 02 01 06 08
2016 02 01 07 59
2016 02 01 09 52
2016 02 01 11 16
2016 02 01 12 23
2016 02 01 12 45
2016 02 01 18 12
2016 02 02 05 52
2016 02 02 10 21
2016 02 02 13 09
2016 02 02 18 58
2016 02 02 20 44
2016 02 02 23 19
2016 02 03 10 45
2016 02 03 11 45
2016 02 03 14 53
2016 02 04 01 56
2016 02 04 05 17
2016 02 04 07 25
2016 02 04 19 32
2016 02 05 04 48
2016 02 05 12 39
2016 02 05 19 15
2016 02 05 23 50
2016 02 06 13 01
2016 02 06 22 41
2016 02 07 13 24
2016 02 07 13 41
2016 02 07 18 49
2016 02 07 21 35
2016 02 08 02 35
2016 02 08 12 48
2016 02 09 00 42
2016 02 09 06 25
2016 02 09 15 52
2016 02 10 02 10
2016 02 10 06 48
2016 02 10 16 02
2016 02 11 09 08
2016 02 12 00 47
2016 02 12 03 09
2016 02 12 21 45
2016 02 13 01 57
2016 02 13 05 03
2016 02 14 20 51
2016 02 15 00 42
2016 02 15 15 24
2016 02 15 21 20
2016 02 16 11 34
2016 02 16 13 34
2016 02 17 02 46
2016 02 17 09 10
2016 02 17 12 15
2016 02 18 01 03
2016 02 18 15 36
2016 02 19 12 39
2016 02 19 15 07
2016 02 19 20 17
2016 02 19 20 40
2016 02 20 01 37
2016 02 20 14 28
2016 02 20 15 15
2016 02 20 19 01
2016 02 21 02 38
2016 02 21 06 01
2016 02 21 19 43
2016 02 21 21 23
2016 02 21 22 14
2016 02 22 04 50
2016 02 22 14 17
2016 02 22 16 13
2016 02 22 17 27
2016 02 23 10 45
2016 02 24 00 11
2016 02 24 01 30
2016 02 24 11 03
2016 02 24 22 43
2016 02 25 02 46
2016 02 25 14 46
2016 02 25 22 45
2016 02 25 23 58
2016 02 26 17 37
2016 02 26 19 42
2016 02 27 06 18
2016 02 27 12 47
2016 02 27 16 03
2016 02 28 06 15
2016 02 28 17 02
2016 02 28 17 56
2016 03 01 08 16
2016 03 01 13 39
2016 03 01 19 54
2016 03 02 02 11
2016 03 03 01 00
2016 03 03 18 39
2016 03 03 18 47
2016 03 03 20 58
2016 03 04 08 06
2016 03 04 10 26
2016 03 05 02 26
2016 03 05 11 18
2016 03 05 16 16
2016 03 05 16 59
2016 03 05 17 59
2016 03 06 01 15
2016 03 06 18 55
2016 03 07 02 44
2016 03 08 07 05
2016 03 08 10 14
2016 03 08 19 12
2016 03 09 10 12
2016 03 10 00 33
2016 03 10 11 32
2016 03 10 13 08
2016 03 10 13 48
2016 03 10 15 11
2016 03 11 17 52
2016 03 12 00 58
2016 03 12 03 10
2016 03 12 09 10
2016 03 12 12 38
2016 03 12 22 39
2016 03 12 23 06
2016 03 13 02 19
2016 03 13 20 43
2016 03 13 23 04
2016 03 14 02 40
2016 03 14 03 55
2016 03 15 07 51
2016 03 15 13 34
2016 03 16 00 40
2016 03 16 07 42
2016 03 16 19 28
2016 03 16 21 46
2016 03 16 22 05
2016 03 17 02 18
2016 03 17 04 27
2016 03 18 09 56
2016 03 18 12 46
2016 03 18 14 07
2016 03 20 03 27
2016 03 20 16 03
2016 03 20 16 54
2016 03 20 17 10
2016 03 20 17 59
2016 03 21 00 35
2016 03 21 02 05
2016 03 21 12 42
2016 03 21 14 17
2016 03 21 21 36
2016 03 22 00 05
2016 03 22 11 46
2016 03 22 12 44
2016 03 23 04 56
2016 03 23 06 01
2016 03 23 10 20
2016 03 23 23 48
2016 03 25 08 03
2016 03 25 09 53
2016 03 25 17 49
2016 03 25 19 13
2016 03 25 19 53
2016 03 25 22 26
2016 03 26 06 24
2016 03 26 08 33
2016 03 26 17 18
2016 03 26 22 07
2016 03 26 22 42
2016 03 27 15 19
2016 03 27 17 00
2016 03 27 22 43
2016 03 28 16 45
2016 03 28 22 58
2016 04 01 07 07
2016 04 01 07 36
2016 04 01 08 46
2016 04 01 18 41
2016 04 01 22 31
2016 04 02 02 40
2016 04 02 11 55
2016 04 02 16 13
2016 04 02 23 05
2016 04 03 20 49
2016 04 04 03 29
2016 04 04 05 08
2016 04 04 15 13
2016 04 05 04 09
2016 04 05 05 40
2016 04 05 12 00
2016 04 06 17 52
2016 04 07 03 43
2016 04 07 23 13
2016 04 08 05 14
2016 04 08 11 38
2016 04 09 05 47
2016 04 09 07 32
2016 04 10 14 41
2016 04 10 18 16
2016 04 10 19 52
2016 04 11 01 49
2016 04 11 04 51
2016 04 11 14 24
2016 04 12 06 16
2016 04 12 15 25
2016 04 12 17 52
2016 04 13 05 11
2016 04 13 14 02
2016 04 13 16 12
2016 04 13 16 35
2016 04 14 02 21
2016 04 14 06 23
2016 04 14 19 21
2016 04 14 21 36
2016 04 15 02 50
2016 04 16 19 00
2016 04 17 07 07
2016 04 17 11 19
2016 04 18 04 09
2016 04 18 08 12
2016 04 18 08 24
2016 04 18 12 48
2016 04 18 14 12
2016 04 18 22 29
2016 04 18 22 34
2016 04 18 22 49
2016 04 19 20 52
2016 04 20 15 32
2016 04 21 06 17
2016 04 22 12 47
2016 04 22 17 20
2016 04 23 05 40
2016 04 23 08 57
2016 04 23 09 14
2016 04 23 09 58
2016 04 23 23 12
2016 04 24 03 30
2016 04 24 05 11
2016 04 24 12 43
2016 04 24 16 17
2016 04 24 21 56
2016 04 25 14 34
2016 04 25 15 02
2016 04 25 23 08
2016 04 26 00 14
2016 04 26 03 34
2016 04 26 18 01
2016 04 26 21 11
2016 04 27 04 18
2016 04 27 05 03
2016 04 27 11 48
2016 04 27 19 52
2016 04 28 23 17
2016 05 01 18 51
2016 05 01 19 07
2016 05 01 23 19
2016 05 02 06 01
2016 05 02 08 53
2016 05 02 22 23
2016 05 04 00 25
2016 05 04 20 23
2016 05 05 10 56
2016 05 05 11 30
2016 05 05 19 39
2016 05 06 06 59
2016 05 07 18 19
2016 05 07 19 51
2016 05 08 03 13
2016 05 08 15 13
2016 05 09 16 26
2016 05 09 23 38
2016 05 10 12 48
2016 05 10 15 07
2016 05 10 20 04
2016 05 11 08 53
2016 05 11 17 15
2016 05 11 20 12
2016 05 12 00 36
2016 05 12 09 49
2016 05 12 20 32
2016 05 13 17 41
2016 05 13 21 09
2016 05 13 21 25
2016 05 14 05 13
2016 05 14 23 38
2016 05 15 12 35
2016 05 15 20 16
2016 05 16 15 01
2016 05 16 15 54
2016 05 17 02 48
2016 05 17 10 31
2016 05 17 13 51
2016 05 17 17 32
2016 05 17 17 51
2016 05 17 18 27
2016 05 17 23 49
2016 05 18 01 00
2016 05 18 02 19
2016 05 18 07 25
2016 05 18 10 19
2016 05 19 02 09
2016 05 19 08 33
2016 05 19 22 02
2016 05 20 00 42
2016 05 20 01 47
2016 05 20 06 52
2016 05 21 15 41
2016 05 21 17 10
2016 05 22 07 25
2016 05 24 06 25
2016 05 24 13 17
2016 05 24 21 26
2016 05 25 17 34
2016 05 25 21 45
2016 05 25 22 11
2016 05 26 04 46
2016 05 27 16 10
2016 05 27 21 25
2016 05 28 02 49
2016 05 28 05 01
2016 05 28 11 45
2016 06 01 04 31
2016 06 01 05 50
2016 06 01 08 54
2016 06 01 11 07
2016 06 01 17 40
2016 06 02 07 08
2016 06 02 14 13
2016 06 02 17 40
2016 06 02 19 22
2016 06 03 02 24
2016 06 03 14 06
2016 06 03 23 59
2016 06 04 06 19
2016 06 04 17 17
2016 06 05 12 06
2016 06 05 14 29
2016 06 05 17 37
2016 06 05 19 21
2016 06 06 01 37
2016 06 06 04 57
2016 06 06 12 08
2016 06 07 01 54
2016 06 07 02 54
2016 06 07 15 59
2016 06 07 20 11
2016 06 08 05 41
2016 06 08 23 20
2016 06 09 13 29
2016 06 10 11 46
2016 06 10 14 31
2016 06 10 18 08
2016 06 10 19 06
2016 06 11 14 21
2016 06 12 13 01
2016 06 12 15 55
2016 06 12 20 12
2016 06 12 21 05
2016 06 13 06 34
2016 06 13 08 55
2016 06 13 14 21
2016 06 14 00 26
2016 06 14 12 35
2016 06 14 12 45
2016 06 14 16 45
2016 06 14 18 28
2016 06 15 01 09
2016 06 15 08 15
2016 06 15 23 18
2016 06 16 02 22
2016 06 16 21 05
2016 06 17 12 55
2016 06 17 19 07
2016 06 17 20 10
2016 06 17 21 14
2016 06 19 03 52
2016 06 19 15 51
2016 06 19 17 46
2016 06 20 03 15
2016 06 20 04 28
2016 06 20 15 10
2016 06 21 03 18
2016 06 21 08 40
2016 06 21 11 51
2016 06 22 12 07
2016 06 22 17 36
2016 06 22 22 54
2016 06 23 08 33
2016 06 24 00 22
2016 06 24 01 20
2016 06 24 06 17
2016 06 24 06 50
2016 06 24 17 26
2016 06 24 21 56
2016 06 25 13 50
2016 06 25 16 45
2016 06 25 19 24
2016 06 26 05 32
2016 06 26 06 11
2016 06 26 09 01
2016 06 27 13 50
2016 06 28 10 20
2016 06 28 11 11
2016 07 01 00 55
2016 07 01 06 31
2016 07 01 11 24
2016 07 02 09 18
2016 07 02 15 45
2016 07 03 04 49
2016 07 03 08 54
2016 07 03 15 00
2016 07 03 18 47
2016 07 03 20 45
2016 07 03 22 48
2016 07 04 01 02
2016 07 04 14 53
2016 07 04 18 15
2016 07 05 10 58
2016 07 05 19 16
2016 07 05 20 01
2016 07 05 23 28
2016 07 05 23 30
2016 07 06 06 08
2016 07 06 18 58
2016 07 06 19 31
2016 07 06 22 53
2016 07 07 07 16
2016 07 08 00 30
2016 07 08 08 51
2016 07 08 15 01
2016 07 08 19 29
2016 07 08 20 02
2016 07 08 21 39
2016 07 09 16 24
2016 07 09 19 35
2016 07 09 19 56
2016 07 09 22 15
2016 07 09 23 37
2016 07 10 11 13
2016 07 10 14 55
2016 07 13 01 35
2016 07 13 14 21
2016 07 14 00 14
2016 07 15 15 58
2016 07 16 01 21
2016 07 16 03 30
2016 07 16 21 09
2016 07 17 16 46
2016 07 18 03 32
2016 07 18 14 00
2016 07 18 23 43
2016 07 19 08 46
2016 07 19 09 33
2016 07 19 11 14
2016 07 19 14 25
2016 07 19 15 28
2016 07 20 01 38
2016 07 20 10 46
2016 07 20 15 56
2016 07 21 12 44
2016 07 21 16 58
2016 07 22 06 16
2016 07 22 11 18
2016 07 23 05 32
2016 07 23 06 10
2016 07 23 09 15
2016 07 23 15 33
2016 07 24 14 30
2016 07 24 15 40
2016 07 24 16 58
2016 07 24 23 58
2016 07 25 02 31
2016 07 26 09 07
2016 07 26 10 44
2016 07 26 21 49
2016 07 27 00 07
2016 07 27 02 24
2016 07 27 06 37
2016 07 28 03 21
2016 07 28 22 11
2016 08 01 00 23
2016 08 01 00 26
2016 08 01 05 52
2016 08 01 06 30
2016 08 01 15 04
2016 08 01 19 15
2016 08 02 02 29
2016 08 02 08 34
2016 08 02 14 04
2016 08 02 15 01
2016 08 03 10 52
2016 08 03 17 41
2016 08 04 02 32
2016 08 04 09 54
2016 08 04 22 52
2016 08 04 22 57
2016 08 05 05 08
2016 08 05 05 12
2016 08 05 06 25
2016 08 05 09 35
2016 08 06 03 00
2016 08 06 05 40
2016 08 06 09 06
2016 08 06 11 20
2016 08 06 16 17
2016 08 07 07 00
2016 08 07 07 40
2016 08 07 08 44
2016 08 07 15 59
2016 08 07 20 22
2016 08 09 10 54
2016 08 10 02 54
2016 08 10 09 49
2016 08 10 11 00
2016 08 10 17 08
2016 08 10 18 10
2016 08 10 18 27
2016 08 11 01 25
2016 08 11 07 30
2016 08 11 09 22
2016 08 11 11 46
2016 08 11 12 58
2016 08 11 16 57
2016 08 12 08 49
2016 08 12 15 18
2016 08 12 16 50
2016 08 13 04 53
2016 08 13 09 22
2016 08 14 01 54
2016 08 14 03 48
2016 08 14 15 07
2016 08 15 01 06
2016 08 15 08 52
2016 08 16 01 03
2016 08 16 04 28
2016 08 16 04 43
2016 08 16 08 38
2016 08 16 20 09
2016 08 17 00 28
2016 08 18 04 25
2016 08 18 10 03
2016 08 18 23 13
2016 08 19 17 18
2016 08 19 22 48
2016 08 20 05 19
2016 08 20 10 50
2016 08 20 13 13
2016 08 20 17 20
2016 08 20 18 12
2016 08 20 20 31
2016 08 21 03 36
2016 08 21 11 22
2016 08 21 18 55
2016 08 22 02 07
2016 08 22 14 33
2016 08 22 15 38
2016 08 22 19 30
2016 08 23 00 33
2016 08 23 18 42
2016 08 23 23 12
2016 08 24 03 56
2016 08 24 23 50
2016 08 25 10 24
2016 08 25 14 02
2016 08 26 10 50
2016 08 26 22 16
2016 08 27 02 24
2016 08 27 07 30
2016 08 27 14 09
2016 08 28 09 53
2016 08 28 11 29
2016 08 28 12 28
2016 08 28 14 28
2016 08 28 23 06
2016 09 01 02 13
2016 09 01 10 13
2016 09 01 17 32
2016 09 02 08 38
2016 09 02 17 04
2016 09 03 05 27
2016 09 03 10 19
2016 09 03 13 58
2016 09 04 15 19
2016 09 04 18 10
2016 09 05 08 22
2016 09 05 08 46
2016 09 05 10 40
2016 09 05 15 13
2016 09 05 21 32
2016 09 06 05 45
2016 09 06 09 47
2016 09 07 01 52
2016 09 07 10 37
2016 09 07 14 25
2016 09 07 16 07
2016 09 07 22 51
2016 09 08 01 30
2016 09 08 08 31
2016 09 08 22 28
2016 09 08 23 41
2016 09 09 00 08
2016 09 09 17 48
2016 09 10 05 00
2016 09 10 05 25
2016 09 10 09 18
2016 09 10 14 48
2016 09 10 23 53
2016 09 11 05 53
2016 09 11 05 55
2016 09 11 08 12
2016 09 11 19 50
2016 09 12 07 12
2016 09 12 12 23
2016 09 13 04 10
2016 09 13 12 48
2016 09 13 22 37
2016 09 14 01 52
2016 09 15 01 28
2016 09 15 04 18
2016 09 16 02 24
2016 09 16 07 53
2016 09 16 15 41
2016 09 16 22 34
2016 09 17 03 11
2016 09 17 10 27
2016 09 17 15 55
2016 09 17 21 35
2016 09 17 21 39
2016 09 17 22 18
2016 09 18 04 24
2016 09 18 16 39
2016 09 18 18 27
2016 09 19 06 17
2016 09 19 10 44
2016 09 19 22 28
2016 09 20 01 50
2016 09 20 15 05
2016 09 20 20 06
2016 09 21 02 36
2016 09 21 02 43
2016 09 22 15 31
2016 09 22 17 10
2016 09 22 19 59
2016 09 22 20 14
2016 09 23 12 03
2016 09 23 17 40
2016 09 24 20 45
2016 09 26 05 48
2016 09 26 11 48
2016 09 26 14 30
2016 09 26 19 36
2016 09 26 23 01
2016 09 27 05 02
2016 09 27 14 34
2016 09 27 20 40
2016 09 28 03 39
2016 09 28 08 39
2016 09 28 22 53
2016 10 01 00 26
2016 10 01 10 27
2016 10 02 00 04
2016 10 03 05 21
2016 10 03 11 00
2016 10 03 14 03
2016 10 03 14 26
2016 10 03 15 19
2016 10 04 02 46
2016 10 04 08 08
2016 10 04 09 09
2016 10 04 21 14
2016 10 04 23 36
2016 10 05 00 59
2016 10 05 03 59
2016 10 05 17 27
2016 10 05 20 24
2016 10 05 23 21
2016 10 06 00 59
2016 10 06 01 05
2016 10 06 08 11
2016 10 06 20 45
2016 10 07 07 36
2016 10 07 11 32
2016 10 07 19 57
2016 10 09 23 19
2016 10 10 00 45
2016 10 11 02 15
2016 10 11 03 45
2016 10 11 13 50
2016 10 11 15 28
2016 10 12 09 37
2016 10 12 17 29
2016 10 12 20 39
2016 10 13 00 37
2016 10 13 09 00
2016 10 13 12 33
2016 10 13 17 15
2016 10 13 21 58
2016 10 14 11 27
2016 10 15 05 20
2016 10 15 12 16
2016 10 15 12 37
2016 10 15 13 27
2016 10 16 04 19
2016 10 16 09 52
2016 10 16 12 27
2016 10 16 13 32
2016 10 17 07 20
2016 10 17 08 42
2016 10 18 05 14
2016 10 19 04 19
2016 10 19 06 58
2016 10 19 08 29
2016 10 19 15 37
2016 10 20 01 30
2016 10 20 14 58
2016 10 20 17 16
2016 10 20 17 56
2016 10 21 03 30
2016 10 21 06 20
2016 10 21 09 33
2016 10 21 12 36
2016 10 21 21 50
2016 10 22 10 18
2016 10 22 22 47
2016 10 23 01 10
2016 10 23 03 12
2016 10 23 06 28
2016 10 23 10 54
2016 10 23 18 44
2016 10 23 20 30
2016 10 25 02 13
2016 10 25 22 50
2016 10 26 03 58
2016 10 26 14 17
2016 10 27 21 10
2016 10 28 04 38
2016 10 28 08 08
2016 10 28 11 26
2016 11 01 06 05
2016 11 01 07 58
2016 11 01 09 53
2016 11 02 12 20
2016 11 02 17 44
2016 11 03 01 37
2016 11 03 02 30
2016 11 03 05 55
2016 11 05 06 02
2016 11 05 06 05
2016 11 05 06 15
2016 11 05 12 09
2016 11 05 15 11
2016 11 05 15 44
2016 11 06 10 58
2016 11 06 19 16
2016 11 07 00 36
2016 11 07 03 31
2016 11 08 12 54
2016 11 08 16 32
2016 11 09 08 40
2016 11 09 09 52
2016 11 09 19 48
2016 11 11 23 04
2016 11 12 10 29
2016 11 12 20 28
2016 11 13 05 13
2016 11 13 13 06
2016 11 14 03 59
2016 11 14 09 07
2016 11 14 12 24
2016 11 14 13 05
2016 11 14 23 53
2016 11 15 03 11
2016 11 15 07 16
2016 11 16 07 57
2016 11 16 12 50
2016 11 18 02 00
2016 11 19 11 01
2016 11 19 22 54
2016 11 20 06 09
2016 11 20 12 11
2016 11 20 18 02
2016 11 20 23 28
2016 11 21 04 07
2016 11 21 11 23
2016 11 21 18 33
2016 11 22 09 55
2016 11 22 10 58
2016 11 22 16 12
2016 11 22 22 51
2016 11 23 07 15
2016 11 23 14 22
2016 11 23 17 30
2016 11 23 18 51
2016 11 23 21 13
2016 11 24 07 30
2016 11 25 10 14
2016 11 25 11 37
2016 11 25 18 06
2016 11 25 18 28
2016 11 27 11 05
2016 11 27 12 12
2016 11 27 15 24
2016 11 27 19 30
2016 11 27 19 49
2016 11 28 01 22
2016 11 28 06 26
2016 11 28 11 13
2016 11 28 14 11
2016 12 01 09 54
2016 12 01 10 39
2016 12 01 12 49
2016 12 01 17 29
2016 12 02 08 53
2016 12 02 11 33
2016 12 02 19 09
2016 12 03 02 01
2016 12 03 05 17
2016 12 03 06 48
2016 12 03 08 57
2016 12 03 13 48
2016 12 03 23 39
2016 12 04 01 04
2016 12 04 06 20
2016 12 04 18 27
2016 12 04 19 22
2016 12 05 17 57
2016 12 05 18 00
2016 12 06 02 31
2016 12 06 04 09
2016 12 06 14 22
2016 12 07 00 59
2016 12 07 09 25
2016 12 07 13 26
2016 12 07 18 35
2016 12 08 02 00
2016 12 08 09 41
2016 12 08 16 58
2016 12 08 17 57
2016 12 09 03 56
2016 12 09 05 45
2016 12 09 06 05
2016 12 09 07 36
2016 12 10 11 27
2016 12 10 15 21
2016 12 11 06 15
2016 12 11 07 40
2016 12 11 12 42
2016 12 11 13 12
2016 12 11 15 37
2016 12 12 06 27
2016 12 12 13 45
2016 12 12 13 51
2016 12 14 03 29
2016 12 14 07 24
2016 12 14 08 14
2016 12 14 15 31
2016 12 15 05 20
2016 12 17 00 02
2016 12 17 01 38
2016 12 17 23 24
2016 12 18 04 47
2016 12 18 10 06
2016 12 18 15 11
2016 12 18 16 51
2016 12 18 22 25
2016 12 19 05 23
2016 12 19 08 49
2016 12 19 18 37
2016 12 20 03 53
2016 12 20 08 12
2016 12 20 12 15
2016 12 20 18 20
2016 12 20 23 37
2016 12 21 02 24
2016 12 21 02 43
2016 12 22 07 05
2016 12 22 14 05
2016 12 23 03 01
2016 12 23 12 29
2016 12 23 15 21
2016 12 23 17 17
2016 12 23 17 58
2016 12 23 23 57
2016 12 24 06 45
2016 12 24 16 43
2016 12 25 19 28
2016 12 25 23 45
2016 12 26 05 18
2016 12 26 06 29
2016 12 27 00 49
2016 12 27 08 29
2016 12 27 10 51
2016 12 27 20 03
2016 12 27 21 13
2016 12 28 07 59
2016 12 28 21 20
2016 12 28 22 43
2016 12 28 22 55
