2016 01 04 03 30
2016 01 04 13 33
2016 01 12 05 16
2016 01 17 04 55
2016 01 22 21 54
2016 01 23 08 06
2016 01 24 11 34
2016 01 26 05 53
2016 02 06 15 25
2016 02 06 22 38
2016 02 12 05 31
2016 02 18 00 21
2016 02 18 21 14
2016 02 22 09 45
2016 02 23 05 09
2016 02 28 10 37
2016 02 28 16 06
2016 02 28 21 42
2016 03 02 22 56
2016 03 04 17 09
2016 03 08 10 47
2016 03 17 22 17
2016 03 19 03 15
2016 03 23 00 52
2016 03 24 14 35
2016 04 01 07 48
2016 04 03 06 31
2016 04 04 11 58
2016 04 09 04 32
2016 04 16 13 01
2016 04 21 09 18
2016 04 26 02 48
2016 05 02 18 24
2016 05 11 08 55
2016 05 20 11 03
2016 05 20 13 28
2016 05 25 06 49
2016 05 26 06 59
2016 06 02 00 32
2016 06 04 06 48
2016 06 07 10 05
2016 06 07 17 15
2016 06 15 02 09
2016 06 22 05 51
2016 06 24 19 13
2016 07 06 20 53
2016 07 08 10 22
2016 07 13 02 20
2016 07 15 05 16
2016 07 22 21 42
2016 07 26 12 27
2016 07 27 17 44
2016 08 02 23 38
2016 08 04 16 35
2016 08 07 08 12
2016 08 10 13 36
2016 08 10 20 29
2016 08 13 15 00
2016 08 16 17 31
2016 08 19 20 58
2016 08 20 19 49
2016 08 20 23 34
2016 08 22 23 29
2016 08 23 15 45
2016 09 02 02 21
2016 09 05 23 38
2016 09 08 17 16
2016 09 11 14 48
2016 09 12 16 44
2016 09 12 18 50
2016 09 20 03 12
2016 09 24 11 07
2016 10 05 01 20
2016 10 12 19 08
2016 10 14 08 35
2016 10 19 06 42
2016 10 20 02 37
2016 10 24 19 44
2016 10 28 01 41
2016 11 01 22 20
2016 11 08 12 20
2016 11 10 14 51
2016 11 16 00 43
2016 11 17 09 57
2016 11 20 14 14
2016 12 02 03 35
2016 12 03 18 42
2016 12 06 09 44
2016 12 07 13 24
2016 12 08 11 41
2016 12 12 10 52
2016 12 12 13 54
2016 12 13 06 15
2016 12 13 10 19
2016 12 20 04 15
2016 12 21 10 15
2016 12 22 00 25
2016 12 25 10 19
2016 12 26 11 30
2016 12 28 06 07
